poly_time : [ 5.13387, 2.95242, 1.97607, 1.39729, 0.988033, 0.988033, 4.49359, 4.49359, 4.49359, 2.74679, 2.74679, 3.66354]
poly_coeff: [-38.95, 3.56334e-14, -1.44382e-14, 3.9715e-15, 0.200668, -0.075352, 0.0103645, -0.000510989, 0.05, -1.69831e-15, 5.54288e-16, -6.19458e-17, -0.00188484, 0.000628242, -8.27195e-05, 4.07824e-06, 0.05, 1.07396e-15, -3.05292e-16, -2.10132e-18, -0.00126954, 0.000550888, -7.91777e-05, 3.90362e-06, -26.55, 3.17573, -0.49757, -0.114746, 0.112632, -0.0367002, 0.00694846, -0.000594697, -0.15, -0.085412, -0.00449516, 0.00217555, -0.000492929, 0.000224083, -5.54562e-05, 4.74632e-06, 0.05, 0.0323517, 0.0119691, -0.000237273, -0.00123235, 0.000339533, -5.30817e-05, 4.5431e-06, -20.7, 1.48412, 0.0495781, 0.0112475, -0.0220255, -0.00254865, 0.00279832, -0.000357612, -0.4, -0.0733138, 0.00581721, -3.46588e-05, -0.000434213, 0.000167267, -2.23336e-05, 2.85412e-06, 0.2, 0.0485701, -0.00630074, -0.000434463, 0.000669783, -7.5783e-05, -2.13773e-05, 2.73192e-06, -17.775, 1.29454, -0.182693, -0.0213662, 0.0261169, -0.00678282, 0.000936346, -0.000169219, -0.525, -0.0542271, 0.00504313, 0.00114127, 0.000633242, -0.000386962, -7.47166e-06, 1.35022e-06, 0.275, 0.0307484, -0.00219228, 5.93796e-05, -0.000639124, 0.000212138, -7.15304e-06, 1.29271e-06, -16.3125, 0.835667, -0.116741, 0.0206882, -0.00900477, 0.00845279, 0.000309462, -7.87773e-05, -0.5875, -0.0340826, 0.00641242, -0.00310208, -0.00216811, 0.00130079, -2.42302e-06, 6.12966e-07, 0.3125, 0.0218774, -0.00390748, 0.000411221, 0.000749262, -0.000169995, -2.36317e-06, 6.01499e-07, -15.5812, 0.672337, -0.0237673, 0.0709592, 0.0347655, -0.0121443, 3.22255e-05, -8.28062e-06, -0.61875, -0.0326724, -0.00295769, 0.00100139, 0.00424238, -0.00115777, 2.1716e-07, -9.26992e-08, 0.33125, 0.0174315, 3.8505e-05, 0.00168737, -0.000105905, -3.92301e-05, -2.36961e-07, 6.01722e-08, -14.85, 0.909575, 0.273355, 0.0901486, -0.0250229, 0.00157731, 1.86784e-07, -1.32925e-08, -0.65, -0.0247328, 0.0136935, 0.00646671, -0.00147622, 8.16499e-05, 3.15484e-08, -2.27991e-09, 0.35, 0.0218528, 0.00403915, 0.000883289, -0.000301234, 2.06986e-05, -7.84989e-10, 5.5188e-11, -4.375, 2.96216, -0.111176, -0.0409763, 0.0104502, -0.000623543, 1.59642e-06, -1.17447e-07, -0.35, 0.120952, -0.00378947, -0.00355571, 0.000364156, 3.04079e-06, 2.88965e-07, -2.1263e-08, 0.525, 0.0445209, -0.00177075, -0.000352305, 0.00016368, -1.31202e-05, -6.33369e-09, 4.65887e-10, 6.1, 2.01321, 0.0419824, 0.0221725, -0.00325561, -0.000104041, 1.57774e-05, -1.16118e-06, -0.05, 0.0118194, -0.00389604, 0.00382471, 0.000487499, -0.000128807, 2.8581e-06, -2.1035e-07, 0.7, 0.0398815, 0.0013848, -6.43869e-05, -0.000132309, 1.52606e-05, -6.25519e-08, 4.60368e-09, 16.575, 2.44647, -0.0961308, -0.0452923, -0.00116111, -1.39283e-05, 0.000872323, -0.000105863, 0.25, 0.142133, -0.000761217, -0.0112371, -0.00160364, 0.000283026, 0.000158024, -1.91774e-05, 0.875, 0.0310944, -0.00187157, 0.000591092, 0.000192993, -3.85963e-05, -3.45844e-06, 4.19706e-07, 21.8125, 1.29309, -0.127559, 0.0915451, 0.0613314, -0.0339205, 0.00891811, -0.00107384, 0.4, -0.0781788, -0.0353374, 0.0197873, 0.0136388, -0.00652002, 0.00161554, -0.00019453, 0.9625, 0.0372222, 0.00216221, -0.000797748, -0.000585604, 0.000185314, -3.5357e-05, 4.25739e-06, 27.05, 3.23221, 0.462389, -0.236939, 0.134427, -0.115955, 0.0331818, -0.00298205, 0.55, 0.381227, 0.134631, -0.0402485, 0.0217271, -0.0207389, 0.006011, -0.000540209, 1.05, 0.014873, -0.00872747, 0.000577259, -0.000177274, 0.000423581, -0.000131554, 1.18227e-05]